0
0.00657081604004
0.00131416320801
0.00131416320801
0
0.00131416320801
0
0
0
6.77108764648e-05
0
0
0
0
0
0
0
0
0
0
0
0
0.00887203216553
0.00131416320801
0.00131416320801
0
0.00131416320801
0
0
0
6.77108764648e-05
0
0.00283336639404
0
0.00877666473389
0.0256404876709
0.0118455886841
0.00791931152344
4.95910644531e-05
0
0.00131416320801
0
0
6.77108764648e-05
0
0
0
0
0
0
0.0289945602417
0.00689315795898
4.95910644531e-05
0
0
0
0
0
0
0
0
0
0
0
0.0100288391113
0
0
0
0
0
0
0
0
0
0
0.0100784301758
0
0
0
0
0
0
0.0104751586914
0
0
0
0
0
0
0
0.00333404541016
0
0
0
4.95910644531e-05
0
0
0
0
0
0
0.00204467773438
0.0163650512695
0.00738906860352
0.00669479370117
0.00640869140625
0.0106287002563
0.00109100341797
0
0
0
0
0
0
0
0
0
0
0
0.00127792358398
0.0045862197876
0.00228118896484
0.000892639160156
0.000259399414062
9.91821289062e-05
0
0
0
0
0
0
0
0
0
0
0
0
0
0
0
0
0
0
0
0
0
0
0
0
0
0
0
0
0
0
0
0
0
0
0
0
0
0
0
0
0
0
0
0
0
0
0
0
0
0
0
0
0
0
0
0
0
0
0
0
0
0
0
0
0
0
0
0
0
0
0
0
0
0
0
0
0
0
0
0.000386238098145
0.000308990478516
0.00154304504395
0.00031566619873
0
0
0
0
0
0
0
0
0
0
0
0
0
0
0
0
0
0
0
0
0.000958442687988
0
0
0
0
0
0.0116882324219
0.0033540725708
0.031852722168
0.0313005447388
0.0182685852051
0.0087776184082
0.00138854980469
0
0
0
0
0
0
0
0
0
9.91821289062e-05
0.00982856750488
0
0
0
0
0
0
0
0
0
0
0.0101776123047
0
0
0
0.0106239318848
0.000297546386719
0
0
0
0
0
0
0
0
0.00263977050781
0.000644683837891
0
0
0
0
0
0
0
0
0
0
0
0
0.020938873291
0.00730133056641
0
0
0
0
0
0
4.95910644531e-05
0
0
0
0
0.00333404541016
0
0
0
0
0
0
0
0
0
0
0.0235681533813
0
0.00338459014893
0
0
0
0
0
0
0
0
0
0.000198364257812
0
0
0.000198364257812
0
0.0102281570435
0
0
0
0
0
0
0
0
0
0
0
0
0.0189695358276
0.0015869140625
0
0
0
0
0
0
0
0
0
0
0.00328540802002
0
0
0
0
0
0
0
0
0
0
0
0
0
0
0
0.00323581695557
0
0
0
0.00834560394287
0.00297546386719
0
0
0
0
0
0
0.0119981765747
0
0
0
0
0
0
0
0
0
0
0
0.00948429107666
0.000495910644531
0
0
0
0
0
0
0
0
0
0
0
0
0
0
0.0106267929077
0.00690460205078
0.00443077087402
0
0
0
0
0
0
0
0
0
0.00978183746338
0
0
0
0
0
0
0
0
0
0
0
0.0085916519165
0.00119018554688
0
0
0
0
0
0
0.00264263153076
0.00471115112305
0.00500869750977
9.91821289062e-05
0
0
0
0
0.00461292266846
0.000595092773438
0
0
0
0
0
0
0
0
0
0
0.00343418121338
0
0
0
0
0
0
0
0
0
0
0
0.00272846221924
0.00632858276367
0.00441360473633
0.00436401367188
0
0
0
0
0
0
0
0
0
0
0
0
0.0107011795044
0.00168609619141
0
0
0
0
0
0
0
0
0
0.0093355178833
0.00745296478271
0.00282669067383
0.00545501708984
9.91821289062e-05
0
0
0
0
0
0
0
0
0
0
0
0
0
0
0
0
0
0
0
0
0
0
0
0
0
0
0
0
0
0
0
0
0
0
0
0
0
0
0
0
0
0
0
0.014422416687
0
0
0
0
0
0
0
0
0
0
0
0
0
0
0
0
0
0
0
0
0
0
0
0
0.0136022567749
0.0240631103516
0
0
0
0
0
0
0
0
0
0
0
0
0
0
0
0
0
0
0
0
0
0
0
0
0
0
0
0
0
0
0
0
0
4.95910644531e-05
0
0
0
0
0
0
0
0
0
0
0
0
0
0
0
0
0
0
0
0
0
0
0
0
0
4.95910644531e-05
0
0
0
0
0
0
0
0
0
0.0139427185059
0.00862884521484
0
0
0
0
0
0
0
0
0
0
0
0
0
0
0
0
0
0
0
0.00303936004639
0.00664520263672
0.00163650512695
0
0
0
0
0
0
0
0
0
0
0
0
0
0
0
0
0
0
0
0
0
0
0
0
0
0
0
0
0
0
0
0
0
0
0
0
0
0
0
0
0
0
0
0
0
0
0
0
0
0
0
0
0
0
0
0
0
0
0
4.95910644531e-05
0
0
0
0
0
0
0
0
0
0.0235757827759
0.00183486938477
0
0
0
0
0
0
0
0
0
0
0
0
0
0
0
0
0
0
0
0
0.00427913665771
0.00684356689453
0
0
0
0
0
0
0
0
0
0
0
0
0
0
0
0
0
0
0
0
0
0
0
0
0
0
0
0
0
0
0
0
0
0
0
0
0
0
0
0
0
0
0
0
0
0
0
0
0
0
0
0
0
0
0
0
0
0
0
0
4.95910644531e-05
0
0
0
0.0205230712891
0
0
0
0
0
0
0
0
0
0
0
0
0
0
0
0
0
0
0
0
0
0
0
0
0
0
0
0
0
0
0
0
0.0104284286499
