0
0
0
0
0
0
0
0
0
0
0
0
0
0
0
0
0
0
0
0
0
0
0.0256843566895
0
0
0
0
0
0
0
0
0
0.00888729095459
0
0.219500541687
0.587582588196
1.45205497742
0.932901382446
0
0
0
0
0
0
0
0
0
0
0
0
1.00985622406
1.22203636169
0
0
0
0
0
0
0
0
0
0
0
0
0.31972694397
0
0
0
0
0
0
0
0
0
0
0.320034980774
0
0
0
0
0
0
1.69713497162
0
0
0
0
0
0
0
0.319994926453
0
0
0
4.95910644531e-05
0
0
0
0
0
0
0.0678176879883
0.672187805176
0.430660247803
0.251750946045
0.273475646973
0.337299346924
0.0384168624878
0
0
0
0
0
0
0
0
0
0
0
0
0.161117553711
0.118846893311
0.0319480895996
0.00638961791992
0.00127792358398
0
0
0.000581741333008
0
0
0
0
0
0.000581741333008
0
0
0
0
0
0
0
0
0
0
0.000581741333008
0
0
0
0
0
0
0
0
0
0
0
0
0
0
0
0
0
0
0
0.000581741333008
0
4.95910644531e-05
4.95910644531e-05
4.95910644531e-05
0
4.95910644531e-05
0
0
0
4.95910644531e-05
0
0
0
0
0
0
0
0
0
0
0
0
0
4.95910644531e-05
0
0
0
0
0
0
0
0
0
0
0
0
0
0
0
0.000164031982422
0.00681495666504
0.0102252960205
0.00313949584961
0
0
0
0
0
0
0
0
0
0
0
0
0
0
0
0
0
0
0
0
0.000349998474121
0
0
0
0
0
0.221618652344
0.065845489502
0.818046569824
0.97889995575
0.571862220764
1.32648468018
0.229640960693
0
0
0
0
0
0
0
0
0
4.95910644531e-05
0.319727897644
0
0
0
0
0
0
0
0
0
0
0.31972694397
0
0
0
1.76358413696
0.0468883514404
0
0
0
0
0
0
0
0
0.210968017578
0.109127998352
0
0
0
0
0
0
0
0
0
0
0
0
1.1220664978
1.04549884796
0
0
0
0
0
0
4.95910644531e-05
0
0
0
0
0.319659233093
0
0
0
0
0
0
0
0
0
0
1.58754634857
0
0.320112228394
0
0
0
0
0
0
0
0
0
9.91821289062e-05
0
0
9.91821289062e-05
0
0.319484710693
0
0
0
0
0
0
0
0
0
0
0
0
1.82912158966
0.27282333374
0
0
0
0
0
0
0
0
0
0
0.320068359375
0
0
0
0
0
0
0
0
0
0
0
0
0
0
0
0.3196849823
0
0
0
1.29330825806
0.561890602112
0
0
0
0
0
0
0.319858551025
0
0
0
0
0
0
0
0
0
0
0
0.301639556885
0.0184755325317
0
0
0
0
0
0
0
0
0
0
0
0
0
0
0.518886566162
1.22169494629
0.362970352173
0
0
0
0
0
0
0
0
0
0.319732666016
0
0
0
0
0
0
0
0
0
0
0
0.274852752686
0.0453052520752
0
0
0
0
0
0
0.103561401367
0.806369781494
0.814037322998
0.0105934143066
0
0
0
0
0.250633239746
0.0692529678345
0
0
0
0
0
0
0
0
0
0
0.319823265076
0
0
0
0
0
0
0
0
0
0
0
0.000110626220703
0.626852989197
0.690078735352
0.751801490784
0
0
0
0
0
0
0
0
0
0
0
0
0.259468078613
0.0603322982788
0
0
0
0
0
0
0
0
0
0.295299530029
0.384977340698
0.388488769531
0.989112854004
0.00427627563477
0
0
0
0
0
0
0
0
0
0
0
0
0
0
0
0
0
0
0
0
0
0
0
0
0
0
0
0
0
0
0
0
0
0
0
0
0
0
0
0
0
0
0
0.640296936035
0
0
0
0
0
0
0
0
0
0
0
0
0
0
0
0
0
0
0
0
0
0
0
0
1.0495223999
0.690415382385
0
0
0
0
0
0
0
0
0
0
0
0
0
0
0
0
0
0
0
0
0
0
0
0
0
0
0
0
0
0
0
0
0
4.95910644531e-05
0
0
0
0
0
0
0
0
0
0
0
0
0
0
0
0
0
0
0
0
0
0
0
0
0
4.95910644531e-05
0
0
0
0
0
0
0
0
0
0.325765609741
0.314926147461
0
0
0
0
0
0
0
0
0
0
0
0
0
0
0
0
0
0
0
0.265907287598
1.21402740479
0.286864280701
0
0
0
0
0
0
0
0
0
0
0
0
0
0
0
0
0
0
0
0
0
0
0
0
0
0
0
0
0
0
0
0
0
0
0
0
0
0
0
0
0
0
0
0
0
0
0
0
0
0
0
0
0
0
0
0
0
0
0
4.95910644531e-05
0
0
0
0
0
0
0
0
0
0.640170097351
0.320244789124
0
0
0
0
0
0
0
0
0
0
0
0
0
0
0
0
0
0
0
0
0.481876373291
1.2634267807
0
0
0
0
0
0
0
0
0
0
0
0
0
0
0
0
0
0
0
0
0
0
0
0
0
0
0
0
0
0
0
0
0
0
0
0
0
0
0
0
0
0
0
0
0
0
0
0
0
0
0
0
0
0
0
0
0
0
0
0
4.95910644531e-05
0
0
0
0.639554977417
0
0
0
0
0
0
0
0
0
0
0
0
0
0
0
0
0
0
0
0
0
0
0
0
0
0
0
0
0
0
0
0
1.73346138
